기간	자치구	동	가구수	계	남자	여자	가구수	계	남자	여자	가구수	계	남자	여자	가구수	계	남자	여자	가구수	계	남자	여자
2020	합계	합계	4,126,524	9,586,195	4,647,733	4,938,462	3,982,290	9,098,805	4,376,850	4,721,955	1,479	13,447	7,459	5,988	785	79,188	33,026	46,162	141,970	264,013	129,752	134,261
2020	종로구	소계	68,069	151,291	73,062	78,229	63,414	135,582	65,104	70,478	68	585	399	186	47	3,742	1,799	1,943	4,540	7,573	3,414	4,159
2020	종로구	사직동	3,969	8,705	3,959	4,746	3,839	8,234	3,697	4,537	X	37	16	21	X	92	46	46	123	197	110	87
2020	종로구	삼청동	1,065	2,433	1,184	1,249	1,031	2,287	1,074	1,213	X	X	X	X	X	X	X	X	34	53	33	20
2020	종로구	부암동	3,901	9,666	4,622	5,044	3,773	9,061	4,308	4,753	X	28	12	16	6	193	54	139	119	169	98	71
2020	종로구	평창동	6,398	17,379	8,109	9,270	6,265	16,389	7,694	8,695	6	49	34	15	11	525	118	407	116	167	66	101
2020	종로구	무악동	2,899	8,082	3,763	4,319	2,883	7,958	3,672	4,286	X	6	6	X	X	X	X	X	15	28	11	17
2020	종로구	교남동	4,174	10,027	4,662	5,365	4,106	9,641	4,423	5,218	X	6	X	X	X	92	59	33	65	128	71	57
2020	종로구	가회동	1,782	4,169	2,056	2,113	1,733	3,847	1,789	2,058	X	15	X	11	X	188	188	X	45	56	28	28
2020	종로구	종로1.2.3.4가동	3,978	6,707	3,804	2,903	3,636	5,696	3,298	2,398	22	168	143	25	X	223	X	223	319	419	225	194
2020	종로구	종로5·6가동	2,835	5,456	2,962	2,494	2,692	4,597	2,401	2,196	X	27	15	12	X	386	296	90	138	292	150	142
2020	종로구	이화동	4,172	8,241	3,770	4,471	3,883	7,097	3,302	3,795	6	50	28	22	X	428	173	255	280	419	159	260
2020	종로구	창신1동	2,787	5,791	3,004	2,787	2,340	4,595	2,398	2,197	X	15	13	X	X	X	X	X	445	929	457	472
2020	종로구	창신2동	4,116	9,369	4,711	4,658	3,484	7,689	3,879	3,810	X	24	18	6	X	X	X	X	630	1,351	662	689
2020	종로구	창신3동	2,670	6,773	3,307	3,466	2,598	6,483	3,121	3,362	X	X	X	X	X	X	X	X	72	183	117	66
2020	종로구	숭인1동	2,793	6,110	2,917	3,193	2,622	5,634	2,690	2,944	X	11	10	X	X	X	X	X	170	344	143	201
2020	종로구	숭인2동	5,413	9,520	4,672	4,848	5,065	8,725	4,299	4,426	6	73	55	18	X	X	X	X	342	520	192	328
2020	종로구	청운효자동	4,715	11,680	5,482	6,198	4,659	11,365	5,262	6,103	X	6	X	X	X	65	36	29	53	75	38	37
2020	종로구	혜화동	10,402	21,183	10,078	11,105	8,805	16,284	7,797	8,487	8	70	40	30	15	1,550	829	721	1,574	2,243	854	1,389
2020	중구	소계	59,817	128,744	62,147	66,597	55,093	115,067	55,343	59,724	75	688	409	279	21	1,758	551	1,207	4,628	8,150	3,876	4,274
2020	중구	소공동	1,101	2,461	1,117	1,344	925	1,768	830	938	X	22	9	13	X	296	36	260	172	263	163	100
2020	중구	회현동	2,200	4,668	2,406	2,262	2,010	4,052	2,025	2,027	X	40	29	11	X	25	21	X	185	368	196	172
2020	중구	명동	1,220	2,794	1,232	1,562	1,061	1,896	955	941	X	19	11	8	X	447	30	417	155	300	156	144
2020	중구	필동	2,283	4,955	2,502	2,453	1,906	3,445	1,737	1,708	10	76	47	29	X	582	286	296	363	588	288	300
2020	중구	장충동	3,076	5,989	2,945	3,044	2,628	4,668	2,297	2,371	25	245	136	109	X	42	16	26	421	755	344	411
2020	중구	광희동	3,392	6,141	3,115	3,026	2,559	4,499	2,294	2,205	X	10	X	7	X	47	26	21	830	1,248	603	645
2020	중구	을지로동	1,203	1,847	1,039	808	1,114	1,609	886	723	X	33	27	6	X	26	23	X	84	126	65	61
2020	중구	신당5동	5,200	10,604	5,115	5,489	4,949	10,053	4,830	5,223	X	7	7	X	X	X	X	X	250	406	179	227
2020	중구	황학동	6,788	13,372	6,290	7,082	6,213	11,970	5,560	6,410	5	37	25	12	X	X	X	X	570	1,124	548	576
2020	중구	중림동	5,131	11,943	5,914	6,029	4,976	11,403	5,538	5,865	7	65	49	16	X	65	60	5	146	231	122	109
2020	중구	신당동	4,887	9,342	4,480	4,862	4,028	7,200	3,504	3,696	9	89	52	37	X	X	X	X	850	1,696	759	937
2020	중구	다산동	6,562	14,279	6,854	7,425	6,264	13,400	6,453	6,947	X	25	X	22	X	58	X	58	293	485	198	287
2020	중구	약수동	7,012	16,398	7,705	8,693	6,925	15,916	7,465	8,451	X	X	X	X	X	150	39	111	85	151	66	85
2020	중구	청구동	5,884	13,579	6,427	7,152	5,764	13,150	6,166	6,984	X	20	11	9	X	20	14	6	117	208	93	115
2020	중구	동화동	3,878	10,372	5,006	5,366	3,771	10,038	4,803	5,235	X	X	X	X	X	X	X	X	107	201	96	105
2020	용산구	소계	101,431	225,882	109,162	116,720	95,714	207,039	98,396	108,643	66	550	318	232	23	1,550	598	952	5,628	10,690	5,889	4,801
2020	용산구	후암동	7,555	16,933	8,196	8,737	7,283	15,894	7,640	8,254	X	27	8	19	X	289	147	142	264	464	224	240
2020	용산구	용산2가동	5,055	10,505	5,107	5,398	4,502	9,136	4,382	4,754	X	20	8	12	X	36	8	28	549	985	518	467
2020	용산구	남영동	4,053	7,123	4,116	3,007	3,789	6,218	3,559	2,659	23	202	152	50	X	X	X	X	241	450	221	229
2020	용산구	원효로2동	5,515	13,436	6,306	7,130	5,443	13,136	6,136	7,000	X	X	X	X	X	36	X	36	71	108	43	65
2020	용산구	효창동	3,966	9,866	4,679	5,187	3,922	9,570	4,525	5,045	X	19	13	6	X	89	9	80	41	69	30	39
2020	용산구	용문동	4,996	11,669	5,505	6,164	4,937	11,396	5,343	6,053	X	X	X	X	X	26	7	19	58	106	42	64
2020	용산구	이촌1동	9,260	26,195	12,378	13,817	8,975	25,061	11,749	13,312	X	19	11	8	X	X	X	X	282	643	319	324
2020	용산구	이촌2동	3,337	8,136	3,814	4,322	3,302	7,955	3,693	4,262	X	6	X	X	X	X	X	X	34	66	31	35
2020	용산구	이태원1동	3,941	7,991	4,248	3,743	3,105	5,936	2,845	3,091	X	30	20	10	X	20	X	16	832	1,454	1,019	435
2020	용산구	이태원2동	4,739	9,780	4,629	5,151	4,144	8,223	3,792	4,431	X	20	14	6	X	X	X	X	593	1,068	521	547
2020	용산구	서빙고동	4,858	12,672	6,110	6,562	4,701	11,936	5,699	6,237	X	X	X	X	X	X	X	X	157	339	163	176
2020	용산구	보광동	7,216	14,966	7,805	7,161	6,643	12,935	6,398	6,537	X	33	27	6	X	221	180	41	566	1,312	857	455
2020	용산구	청파동	10,177	19,822	8,764	11,058	9,829	18,288	8,308	9,980	7	64	9	55	X	535	X	534	337	597	241	356
2020	용산구	원효로1동	7,109	15,443	7,386	8,057	6,919	14,677	6,902	7,775	X	41	24	17	X	159	136	23	183	328	162	166
2020	용산구	한강로동	9,321	19,821	9,573	10,248	8,785	17,837	8,430	9,407	7	50	20	30	X	94	68	26	527	1,078	573	505
2020	용산구	한남동	10,333	21,524	10,546	10,978	9,435	18,841	8,995	9,846	X	19	8	11	X	45	38	7	893	1,623	925	698
2020	성동구	소계	126,658	291,918	142,128	149,790	122,186	277,120	133,829	143,291	48	383	174	209	21	3,054	1,646	1,408	4,403	7,015	3,218	3,797
2020	성동구	왕십리2동	7,154	16,744	8,092	8,652	6,925	16,086	7,714	8,372	X	15	5	10	X	54	37	17	226	371	169	202
2020	성동구	마장동	10,116	22,666	11,103	11,563	9,719	21,645	10,543	11,102	X	22	13	9	X	39	23	16	393	597	258	339
2020	성동구	사근동	8,081	15,030	7,709	7,321	7,150	11,562	5,866	5,696	19	149	65	84	6	1,555	970	585	906	1,199	449	750
2020	성동구	행당1동	5,946	13,782	6,638	7,144	5,748	13,250	6,327	6,923	X	11	5	6	X	X	X	X	197	278	129	149
2020	성동구	행당2동	8,788	23,064	10,803	12,261	8,747	22,771	10,570	12,201	X	X	X	X	X	X	X	X	41	72	36	36
2020	성동구	응봉동	5,514	14,949	7,091	7,858	5,497	14,783	6,950	7,833	X	X	X	X	X	X	X	X	17	21	10	11
2020	성동구	금호1가동	6,074	15,058	7,208	7,850	6,045	14,848	7,057	7,791	X	X	X	X	X	X	X	X	29	47	22	25
2020	성동구	금호4가동	5,916	14,190	6,766	7,424	5,812	13,784	6,547	7,237	X	7	X	6	X	44	5	39	102	176	87	89
2020	성동구	성수1가1동	7,135	16,186	8,093	8,093	6,937	15,630	7,706	7,924	X	6	6	X	X	X	X	X	197	323	182	141
2020	성동구	성수1가2동	6,326	13,564	6,645	6,919	6,102	13,008	6,317	6,691	X	19	5	14	X	X	X	X	222	352	174	178
2020	성동구	성수2가1동	7,840	16,727	8,661	8,066	7,425	15,750	8,138	7,612	6	48	26	22	X	X	X	X	409	712	343	369
2020	성동구	성수2가3동	5,089	11,235	5,671	5,564	4,888	10,266	5,148	5,118	8	57	25	32	X	425	176	249	189	291	161	130
2020	성동구	송정동	5,381	11,009	5,776	5,233	5,057	10,273	5,352	4,921	X	X	X	X	X	X	X	X	324	570	299	271
2020	성동구	용답동	6,493	12,999	6,658	6,341	5,876	10,957	5,571	5,386	X	26	13	13	X	515	331	184	611	1,136	504	632
2020	성동구	왕십리도선동	11,312	26,884	12,672	14,212	10,999	25,638	12,094	13,544	X	14	10	X	X	399	103	296	308	481	214	267
2020	성동구	금호2.3가동	9,296	22,458	10,689	11,769	9,185	22,038	10,411	11,627	X	9	X	9	X	X	X	X	110	174	79	95
2020	성동구	옥수동	10,197	25,373	11,853	13,520	10,074	24,831	11,518	13,313	X	X	X	X	X	23	X	22	122	215	102	113
2020	광진구	소계	160,944	353,967	169,925	184,042	152,090	328,366	156,900	171,466	55	476	231	245	23	4,096	1,771	2,325	8,776	15,249	6,923	8,326
2020	광진구	화양동	18,354	28,124	12,975	15,149	16,621	22,860	10,718	12,142	20	158	74	84	X	1,748	776	972	1,711	2,421	900	1,521
2020	광진구	군자동	11,316	22,308	10,891	11,417	10,235	18,967	9,290	9,677	6	48	29	19	X	610	259	351	1,072	1,935	927	1,008
2020	광진구	중곡1동	7,639	15,493	7,516	7,977	7,345	14,782	7,127	7,655	X	X	X	X	X	18	17	X	293	463	208	255
2020	광진구	중곡2동	9,857	21,513	10,144	11,369	9,615	20,788	9,734	11,054	X	8	X	7	X	51	13	38	239	403	186	217
2020	광진구	중곡3동	7,733	16,289	8,037	8,252	7,555	15,773	7,734	8,039	X	X	X	X	X	18	18	X	177	292	132	160
2020	광진구	중곡4동	12,111	28,612	13,973	14,639	11,930	27,820	13,512	14,308	6	43	17	26	X	16	X	15	174	364	165	199
2020	광진구	능동	6,233	11,501	5,292	6,209	6,044	11,056	5,034	6,022	X	12	X	9	X	X	X	X	187	297	149	148
2020	광진구	구의1동	11,495	22,228	10,547	11,681	11,002	20,943	9,870	11,073	X	43	24	19	X	74	18	56	488	885	408	477
2020	광진구	구의2동	10,688	26,536	12,653	13,883	10,455	25,439	12,100	13,339	X	30	15	15	X	222	33	189	226	445	202	243
2020	광진구	구의3동	11,324	28,130	13,329	14,801	11,111	27,400	12,848	14,552	X	7	X	6	X	14	X	10	211	365	179	186
2020	광진구	광장동	11,235	34,206	16,606	17,600	11,150	33,199	15,933	17,266	X	20	15	5	X	463	255	208	80	149	69	80
2020	광진구	자양1동	11,202	23,199	11,109	12,090	10,495	21,585	10,261	11,324	5	50	21	29	X	29	24	5	701	1,241	577	664
2020	광진구	자양2동	10,443	25,349	12,359	12,990	10,163	24,294	11,732	12,562	X	X	X	X	X	253	125	128	279	502	243	259
2020	광진구	자양3동	10,228	27,806	13,363	14,443	10,044	26,677	12,757	13,920	X	8	8	X	X	532	217	315	182	299	136	163
2020	광진구	자양4동	11,086	22,673	11,131	11,542	8,325	16,783	8,250	8,533	X	49	23	26	X	48	11	37	2,756	5,188	2,442	2,746
2020	동대문구	소계	158,899	351,057	171,484	179,573	150,373	325,598	158,810	166,788	97	863	473	390	34	4,789	2,241	2,548	8,395	12,832	5,336	7,496
2020	동대문구	회기동	7,546	14,028	6,443	7,585	6,328	10,576	4,933	5,643	14	130	56	74	X	819	409	410	1,203	1,735	631	1,104
2020	동대문구	휘경1동	7,790	15,367	7,274	8,093	6,643	13,057	6,247	6,810	12	95	43	52	X	83	54	29	1,133	1,506	572	934
2020	동대문구	휘경2동	11,366	24,715	12,114	12,601	10,915	23,361	11,488	11,873	X	53	34	19	X	202	52	150	446	676	263	413
2020	동대문구	청량리동	9,024	19,906	9,886	10,020	8,652	18,738	9,197	9,541	X	27	24	X	X	198	145	53	368	650	306	344
2020	동대문구	용신동	16,617	31,644	15,828	15,816	15,702	28,792	14,314	14,478	16	160	113	47	7	663	311	352	892	1,516	741	775
2020	동대문구	제기동	12,973	26,289	13,122	13,167	11,662	23,225	11,709	11,516	10	85	38	47	X	176	77	99	1,300	1,975	791	1,184
2020	동대문구	전농1동	13,906	29,807	14,873	14,934	13,584	28,656	14,120	14,536	12	91	57	34	X	146	142	X	308	490	218	272
2020	동대문구	전농2동	7,218	19,345	9,292	10,053	7,163	18,334	8,747	9,587	X	29	X	28	X	599	279	320	51	88	40	48
2020	동대문구	답십리2동	11,937	28,537	13,874	14,663	11,756	27,967	13,472	14,495	X	9	X	9	X	X	X	X	180	287	157	130
2020	동대문구	장안1동	16,251	37,534	18,496	19,038	15,931	36,527	17,876	18,651	X	25	19	6	X	X	X	X	316	513	232	281
2020	동대문구	장안2동	12,547	32,565	16,106	16,459	12,363	31,134	15,369	15,765	X	25	16	9	8	756	299	457	173	276	121	155
2020	동대문구	이문1동	11,500	22,243	10,504	11,739	9,934	17,945	8,698	9,247	13	119	65	54	8	832	314	518	1,545	2,296	876	1,420
2020	동대문구	이문2동	8,441	20,710	9,979	10,731	8,173	19,773	9,465	10,308	X	7	X	X	X	125	44	81	266	452	219	233
2020	동대문구	답십리1동	11,783	28,367	13,693	14,674	11,567	27,513	13,175	14,338	X	8	X	X	X	190	115	75	214	372	169	203
2020	중랑구	소계	167,617	385,663	189,537	196,126	164,832	374,271	182,856	191,415	28	224	116	108	21	1,458	554	904	2,736	4,834	2,223	2,611
2020	중랑구	면목2동	10,897	24,256	11,997	12,259	10,689	23,549	11,585	11,964	X	6	5	X	X	34	X	33	206	330	152	178
2020	중랑구	면목4동	8,017	18,498	9,197	9,301	7,843	17,713	8,671	9,042	X	17	14	X	X	106	102	X	171	315	142	173
2020	중랑구	면목5동	5,764	14,042	7,032	7,010	5,707	13,802	6,877	6,925	X	X	X	X	X	X	X	X	57	93	41	52
2020	중랑구	면목7동	9,666	21,748	10,850	10,898	9,479	21,097	10,461	10,636	X	X	X	X	X	X	X	X	187	354	169	185
2020	중랑구	상봉1동	9,498	24,177	11,788	12,389	9,424	23,710	11,454	12,256	X	8	X	6	X	39	21	18	71	133	57	76
2020	중랑구	상봉2동	10,496	19,511	9,421	10,090	10,267	18,774	9,024	9,750	5	40	16	24	X	146	88	58	223	375	165	210
2020	중랑구	중화1동	8,196	19,653	9,609	10,044	8,117	19,278	9,344	9,934	X	12	X	10	X	X	X	X	77	137	69	68
2020	중랑구	중화2동	12,539	25,395	12,863	12,532	12,182	24,309	12,245	12,064	X	X	X	X	X	123	63	60	356	601	284	317
2020	중랑구	묵1동	13,647	34,195	16,568	17,627	13,560	33,664	16,197	17,467	X	13	X	12	X	31	22	9	84	140	56	84
2020	중랑구	묵2동	8,500	19,057	9,282	9,775	8,356	18,525	8,984	9,541	X	X	X	X	X	67	16	51	143	234	106	128
2020	중랑구	망우3동	7,539	16,997	8,455	8,542	7,359	16,162	8,003	8,159	X	7	X	7	X	184	83	101	175	343	162	181
2020	중랑구	신내1동	13,693	38,747	18,856	19,891	13,646	37,959	18,451	19,508	X	35	14	21	X	334	48	286	40	85	48	37
2020	중랑구	신내2동	8,487	20,706	9,820	10,886	8,454	20,330	9,588	10,742	X	X	X	X	X	121	28	93	32	51	20	31
2020	중랑구	면목본동	16,118	34,229	16,866	17,363	15,626	32,725	16,015	16,710	6	50	43	7	X	X	X	X	486	897	408	489
2020	중랑구	면목3.8동	11,496	25,006	12,313	12,693	11,263	24,207	11,842	12,365	X	6	6	X	X	21	14	7	231	416	198	218
2020	중랑구	망우본동	13,064	29,446	14,620	14,826	12,860	28,467	14,115	14,352	X	30	13	17	X	252	68	184	197	330	146	184
2020	성북구	소계	184,871	438,833	209,682	229,151	179,660	416,155	198,500	217,655	113	1,034	454	580	79	6,923	2,557	4,366	5,019	7,743	3,208	4,535
2020	성북구	돈암1동	5,843	14,733	6,859	7,874	5,808	14,512	6,697	7,815	X	X	X	X	X	X	X	X	35	56	26	30
2020	성북구	돈암2동	8,150	23,496	11,181	12,315	8,111	23,015	10,916	12,099	6	38	13	25	X	135	X	131	30	64	28	36
2020	성북구	안암동	10,007	18,467	9,125	9,342	9,264	15,119	7,598	7,521	14	143	68	75	5	1,551	719	832	724	1,083	407	676
2020	성북구	보문동	7,378	16,305	7,734	8,571	7,147	15,071	7,198	7,873	9	83	40	43	5	551	173	378	217	361	151	210
2020	성북구	정릉1동	7,139	18,481	8,890	9,591	7,051	17,913	8,554	9,359	X	31	11	20	X	203	115	88	82	117	44	73
2020	성북구	정릉2동	9,071	22,963	11,040	11,923	8,957	22,243	10,651	11,592	6	49	31	18	X	235	71	164	105	158	62	96
2020	성북구	정릉3동	7,882	17,565	8,565	9,000	7,188	14,491	7,266	7,225	19	156	73	83	13	1,260	340	920	662	980	441	539
2020	성북구	정릉4동	10,018	25,170	12,014	13,156	9,865	24,158	11,553	12,605	6	44	30	14	8	413	78	335	139	215	92	123
2020	성북구	길음1동	11,901	35,023	16,572	18,451	11,850	34,464	16,270	18,194	X	47	X	47	X	84	X	84	46	111	43	68
2020	성북구	길음2동	6,466	16,711	8,071	8,640	6,401	16,125	7,726	8,399	6	44	22	22	X	241	108	133	57	98	45	53
2020	성북구	월곡1동	10,089	26,175	12,632	13,543	9,989	25,626	12,290	13,336	X	17	5	12	X	108	57	51	96	173	82	91
2020	성북구	월곡2동	9,238	20,300	9,511	10,789	8,962	19,123	8,929	10,194	X	11	11	X	X	429	156	273	271	417	196	221
2020	성북구	장위1동	8,134	19,411	9,405	10,006	8,056	18,995	9,154	9,841	X	X	X	X	X	42	8	34	76	113	53	60
2020	성북구	장위2동	5,980	13,774	6,777	6,997	5,870	13,115	6,409	6,706	X	6	X	6	X	234	128	106	107	181	86	95
2020	성북구	장위3동	6,854	17,256	8,535	8,721	6,759	16,853	8,254	8,599	X	X	X	X	X	X	X	X	95	155	81	74
2020	성북구	성북동	7,484	16,346	7,584	8,762	7,285	15,513	7,120	8,393	6	69	28	41	5	149	111	38	188	308	116	192
2020	성북구	삼선동	11,068	23,764	11,223	12,541	10,777	22,513	10,598	11,915	10	88	43	45	8	341	116	225	273	437	191	246
2020	성북구	동선동	9,047	15,990	6,574	9,416	8,633	14,880	6,141	8,739	11	103	27	76	6	180	81	99	397	544	151	393
2020	성북구	종암동	17,260	40,945	19,787	21,158	16,268	38,116	18,474	19,642	6	80	44	36	5	555	235	320	981	1,346	483	863
2020	성북구	석관동	15,862	35,958	17,603	18,355	15,419	34,310	16,702	17,608	X	25	8	17	X	212	57	155	438	826	430	396
2020	강북구	소계	131,884	299,535	144,779	154,756	129,805	290,437	139,796	150,641	41	371	234	137	31	1,938	537	1,401	2,007	3,205	1,411	1,794
2020	강북구	번1동	9,514	18,848	9,308	9,540	9,248	18,022	8,885	9,137	7	62	33	29	X	108	37	71	258	395	168	227
2020	강북구	번2동	7,028	15,908	7,685	8,223	6,986	15,636	7,505	8,131	X	X	X	X	X	29	5	24	40	74	33	41
2020	강북구	번3동	7,159	16,994	7,961	9,033	7,142	16,793	7,812	8,981	X	X	X	X	X	X	X	X	17	26	13	13
2020	강북구	수유1동	9,286	20,423	10,038	10,385	9,166	19,823	9,668	10,155	5	40	32	8	X	144	72	72	111	178	78	100
2020	강북구	수유2동	8,792	20,591	9,792	10,799	8,720	20,196	9,554	10,642	X	23	6	17	X	45	11	34	66	105	47	58
2020	강북구	수유3동	11,766	22,975	11,289	11,686	11,500	22,149	10,802	11,347	6	65	47	18	X	23	17	6	259	384	167	217
2020	강북구	삼양동	9,916	23,494	11,611	11,883	9,825	23,054	11,297	11,757	X	7	X	7	X	X	X	X	90	132	59	73
2020	강북구	미아동	10,841	22,156	10,464	11,692	10,522	21,009	9,912	11,097	X	37	30	7	X	298	85	213	311	495	218	277
2020	강북구	송중동	13,027	29,719	14,154	15,565	12,647	28,355	13,563	14,792	X	22	X	18	X	330	30	300	374	627	266	361
2020	강북구	송천동	12,233	26,986	13,297	13,689	11,934	25,848	12,681	13,167	6	53	31	22	X	269	92	177	290	474	222	252
2020	강북구	삼각산동	11,062	30,954	14,875	16,079	11,035	30,630	14,599	16,031	X	X	X	X	X	X	X	X	27	43	17	26
2020	강북구	우이동	8,360	20,038	9,696	10,342	8,286	19,367	9,364	10,003	X	34	27	7	X	340	96	244	68	108	54	54
2020	강북구	인수동	12,900	30,449	14,609	15,840	12,794	29,555	14,154	15,401	X	28	24	X	8	352	92	260	96	164	69	95
2020	도봉구	소계	128,378	315,979	153,080	162,899	127,362	308,747	148,819	159,928	19	168	68	100	30	2,029	510	1,519	967	1,539	724	815
2020	도봉구	쌍문1동	8,750	21,779	10,193	11,586	8,698	20,805	9,856	10,949	X	X	X	X	7	689	154	535	45	74	32	42
2020	도봉구	쌍문2동	8,016	18,801	8,968	9,833	7,935	18,338	8,702	9,636	X	20	6	14	X	99	9	90	76	134	76	58
2020	도봉구	쌍문3동	7,466	16,483	7,881	8,602	7,363	16,132	7,666	8,466	X	26	8	18	X	X	X	X	100	145	65	80
2020	도봉구	쌍문4동	6,783	18,486	8,754	9,732	6,768	18,295	8,596	9,699	X	X	X	X	X	X	X	X	15	25	9	16
2020	도봉구	방학1동	11,687	28,070	13,853	14,217	11,541	27,365	13,442	13,923	X	28	7	21	X	135	20	115	139	195	91	104
2020	도봉구	방학2동	8,579	19,599	9,859	9,740	8,473	19,144	9,555	9,589	X	7	X	6	X	X	X	X	105	185	95	90
2020	도봉구	방학3동	9,559	27,168	13,155	14,013	9,537	26,474	12,786	13,688	X	6	X	6	X	369	95	274	18	39	23	16
2020	도봉구	창1동	10,183	24,432	11,604	12,828	10,103	24,070	11,340	12,730	X	12	10	X	X	X	X	X	79	115	44	71
2020	도봉구	창2동	11,524	29,054	14,138	14,916	11,418	28,249	13,628	14,621	X	20	10	10	X	218	100	118	100	198	102	96
2020	도봉구	창3동	5,977	13,933	6,922	7,011	5,919	13,620	6,716	6,904	X	X	X	X	X	38	8	30	57	88	39	49
2020	도봉구	창4동	10,018	26,182	12,609	13,573	9,984	25,813	12,289	13,524	X	X	X	X	X	X	X	X	34	59	29	30
2020	도봉구	창5동	9,625	24,454	11,704	12,750	9,554	23,963	11,413	12,550	X	6	X	6	X	141	26	115	68	91	35	56
2020	도봉구	도봉1동	9,222	20,685	10,362	10,323	9,137	20,199	10,066	10,133	X	32	15	17	X	121	46	75	78	111	57	54
2020	도봉구	도봉2동	10,989	26,853	13,078	13,775	10,932	26,280	12,764	13,516	X	11	11	X	X	219	52	167	53	80	27	53
2020	노원구	소계	204,210	511,982	246,317	265,665	202,695	497,776	237,619	260,157	50	414	191	223	36	5,126	1,924	3,202	1,429	2,319	1,173	1,146
2020	노원구	월계1동	9,889	23,195	11,947	11,248	9,576	21,564	10,958	10,606	5	39	23	16	5	699	357	342	303	490	293	197
2020	노원구	월계2동	11,425	26,816	12,912	13,904	11,385	26,397	12,593	13,804	X	X	X	X	X	16	X	12	39	69	30	39
2020	노원구	월계3동	12,309	29,641	14,153	15,488	12,265	29,232	13,850	15,382	X	6	5	X	X	X	X	X	43	97	42	55
2020	노원구	공릉2동	15,758	40,575	19,449	21,126	15,508	38,132	18,335	19,797	16	127	21	106	X	1,208	360	848	232	381	208	173
2020	노원구	하계1동	10,679	27,682	13,345	14,337	10,616	25,660	12,155	13,505	X	15	12	X	6	1,388	694	694	55	83	39	44
2020	노원구	하계2동	7,939	21,990	10,467	11,523	7,924	21,652	10,218	11,434	X	X	X	X	X	71	6	65	14	24	13	11
2020	노원구	중계본동	7,884	24,008	11,759	12,249	7,869	23,613	11,437	12,176	X	8	X	X	X	81	41	40	13	25	11	14
2020	노원구	중계1동	8,700	26,623	13,000	13,623	8,642	26,220	12,674	13,546	X	X	X	X	X	29	9	20	57	74	36	38
2020	노원구	중계4동	7,886	20,089	9,689	10,400	7,865	19,636	9,398	10,238	X	12	11	X	X	204	70	134	18	26	14	12
2020	노원구	상계1동	14,597	38,051	18,401	19,650	14,538	37,082	17,878	19,204	X	6	X	6	6	483	134	349	52	74	33	41
2020	노원구	상계2동	8,063	20,125	9,928	10,197	7,961	19,511	9,508	10,003	6	61	44	17	X	103	39	64	94	143	72	71
2020	노원구	상계5동	10,085	24,007	11,557	12,450	10,025	23,507	11,254	12,253	X	20	5	15	X	118	20	98	56	87	38	49
2020	노원구	상계8동	8,747	22,389	10,756	11,633	8,738	22,183	10,576	11,607	X	X	X	X	X	X	X	X	9	13	5	8
2020	노원구	상계9동	8,009	20,550	9,790	10,760	7,994	20,269	9,556	10,713	X	X	X	X	X	X	X	X	15	32	12	20
2020	노원구	상계10동	6,267	15,695	7,201	8,494	6,248	15,478	7,019	8,459	X	6	6	X	X	X	X	X	18	35	17	18
2020	노원구	상계3.4동	10,932	25,887	12,763	13,124	10,884	25,471	12,455	13,016	X	34	13	21	X	X	X	X	44	73	35	38
2020	노원구	상계6.7동	13,102	32,476	15,056	17,420	13,044	31,756	14,613	17,143	X	30	18	12	X	280	100	180	52	86	35	51
2020	노원구	중계2.3동	14,400	34,563	15,911	18,652	14,359	33,861	15,500	18,361	X	13	7	6	X	282	65	217	37	60	27	33
2020	노원구	공릉1동	17,539	37,620	18,233	19,387	17,254	36,552	17,642	18,910	5	37	22	15	X	164	25	139	278	447	213	234
2020	은평구	소계	192,581	463,102	221,828	241,274	190,631	450,207	213,654	236,553	43	409	198	211	34	4,065	2,175	1,890	1,873	3,233	1,504	1,729
2020	은평구	녹번동	15,898	37,283	17,673	19,610	15,705	35,712	16,845	18,867	X	29	25	X	6	818	298	520	185	316	161	155
2020	은평구	불광1동	16,130	37,940	17,971	19,969	15,989	37,291	17,522	19,769	X	37	8	29	X	X	X	X	137	213	96	117
2020	은평구	갈현1동	10,049	22,811	11,116	11,695	9,944	22,278	10,755	11,523	X	27	25	X	X	42	6	36	100	189	101	88
2020	은평구	갈현2동	11,600	28,625	13,570	15,055	11,473	27,798	13,066	14,732	X	9	9	X	X	261	115	146	122	216	95	121
2020	은평구	구산동	11,930	31,971	15,811	16,160	11,848	30,071	14,273	15,798	6	48	21	27	X	1,348	1,149	199	72	167	76	91
2020	은평구	대조동	13,045	26,694	12,378	14,316	12,810	25,955	11,955	14,000	5	48	28	20	X	21	X	21	229	373	163	210
2020	은평구	응암1동	11,270	26,444	12,493	13,951	11,145	25,330	11,869	13,461	X	45	20	25	X	537	229	308	118	190	89	101
2020	은평구	응암2동	10,184	26,691	12,962	13,729	10,121	26,302	12,680	13,622	X	6	X	6	X	X	X	X	62	122	60	62
2020	은평구	신사1동	11,051	26,926	13,008	13,918	10,970	26,489	12,700	13,789	X	17	X	16	X	X	X	X	79	131	65	66
2020	은평구	신사2동	8,310	20,236	10,069	10,167	8,232	19,832	9,821	10,011	X	X	X	X	X	36	6	30	77	133	56	77
2020	은평구	증산동	6,223	15,049	7,362	7,687	6,166	14,781	7,188	7,593	X	X	X	X	X	X	X	X	57	105	51	54
2020	은평구	수색동	3,619	8,887	4,389	4,498	3,598	8,660	4,249	4,411	X	21	12	9	X	58	9	49	17	28	14	14
2020	은평구	진관동	20,100	55,180	25,967	29,213	19,989	53,826	25,189	28,637	X	8	X	8	X	665	261	404	108	153	64	89
2020	은평구	불광2동	12,748	28,089	13,571	14,518	12,584	27,403	13,126	14,277	X	23	15	8	X	57	26	31	158	262	126	136
2020	은평구	응암3동	11,468	24,668	11,947	12,721	11,289	23,844	11,488	12,356	X	18	8	10	X	154	59	95	173	304	131	173
2020	은평구	역촌동	18,956	45,608	21,541	24,067	18,768	44,635	20,928	23,707	7	73	26	47	X	68	17	51	179	331	156	175
2020	서대문구	소계	138,528	317,209	148,696	168,513	133,112	296,599	139,604	156,995	61	547	287	260	38	5,744	1,878	3,866	5,317	8,312	2,984	5,328
2020	서대문구	천연동	7,318	17,792	8,525	9,267	7,186	16,653	7,741	8,912	X	39	35	X	X	591	404	187	125	241	124	117
2020	서대문구	홍제1동	9,651	23,762	11,078	12,684	9,541	22,944	10,712	12,232	X	6	X	X	X	358	61	297	105	188	91	97
2020	서대문구	홍제3동	6,551	15,384	7,429	7,955	6,463	15,023	7,173	7,850	X	X	X	X	X	21	16	5	87	138	62	76
2020	서대문구	홍제2동	5,540	13,699	6,489	7,210	5,493	13,445	6,317	7,128	X	7	X	7	X	X	X	X	46	76	31	45
2020	서대문구	홍은1동	8,978	22,204	10,602	11,602	8,867	21,507	10,205	11,302	X	X	X	X	X	224	75	149	108	166	68	98
2020	서대문구	홍은2동	11,497	26,793	12,795	13,998	11,177	25,584	12,202	13,382	X	20	16	X	X	146	30	116	314	558	227	331
2020	서대문구	남가좌1동	5,467	15,422	7,401	8,021	5,402	15,078	7,193	7,885	X	X	X	X	X	X	X	X	65	155	73	82
2020	서대문구	남가좌2동	12,439	29,095	13,800	15,295	12,020	27,470	13,049	14,421	5	58	34	24	X	216	95	121	412	755	271	484
2020	서대문구	북가좌1동	6,520	17,845	8,560	9,285	6,483	17,497	8,340	9,157	X	X	X	X	X	91	25	66	36	76	38	38
2020	서대문구	북가좌2동	13,748	32,021	15,428	16,593	13,580	31,290	14,988	16,302	5	52	24	28	X	52	5	47	161	262	113	149
2020	서대문구	충현동	9,344	20,190	9,642	10,548	9,108	19,274	9,077	10,197	7	63	40	23	6	165	112	53	223	381	183	198
2020	서대문구	북아현동	7,040	16,373	7,743	8,630	6,867	15,832	7,423	8,409	X	18	18	X	X	X	X	X	172	321	141	180
2020	서대문구	신촌동	14,793	26,434	10,142	16,292	12,532	18,687	7,949	10,738	22	184	68	116	6	3,408	865	2,543	2,233	2,991	783	2,208
2020	서대문구	연희동	19,642	40,195	19,062	21,133	18,393	36,315	17,235	19,080	13	100	49	51	6	472	190	282	1,230	2,004	779	1,225
2020	마포구	소계	166,007	365,612	171,161	194,451	160,681	349,648	162,914	186,734	77	635	321	314	23	1,942	873	1,069	5,226	8,038	3,219	4,819
2020	마포구	용강동	8,578	21,111	9,968	11,143	8,369	20,533	9,595	10,938	5	43	26	17	X	X	X	X	204	304	175	129
2020	마포구	대흥동	8,160	15,533	7,287	8,246	7,321	13,237	6,311	6,926	7	82	50	32	X	401	192	209	829	1,255	433	822
2020	마포구	염리동	5,202	11,843	5,577	6,266	4,969	11,258	5,324	5,934	X	23	9	14	X	X	X	X	230	365	116	249
2020	마포구	신수동	9,762	22,945	11,219	11,726	9,523	22,202	10,798	11,404	X	22	14	8	X	X	X	X	236	375	153	222
2020	마포구	서교동	15,031	26,038	11,621	14,417	13,887	23,740	10,676	13,064	13	129	66	63	X	41	18	23	1,129	1,551	533	1,018
2020	마포구	합정동	8,494	17,169	7,874	9,295	8,280	16,350	7,428	8,922	X	32	18	14	X	215	125	90	209	332	139	193
2020	마포구	망원1동	9,498	20,110	9,416	10,694	9,328	19,528	9,066	10,462	X	12	X	8	X	17	11	6	166	281	126	155
2020	마포구	망원2동	7,781	18,460	8,692	9,768	7,676	18,074	8,443	9,631	X	7	X	6	X	25	9	16	103	163	76	87
2020	마포구	연남동	8,440	16,047	7,530	8,517	7,948	14,773	6,916	7,857	5	42	19	23	X	41	25	16	485	827	318	509
2020	마포구	성산1동	8,801	19,004	8,896	10,108	8,637	18,376	8,533	9,843	X	21	12	9	X	105	41	64	158	256	118	138
2020	마포구	성산2동	17,607	39,298	17,765	21,533	17,393	38,282	17,269	21,013	X	33	14	19	X	352	82	270	208	272	92	180
2020	마포구	상암동	12,245	30,694	14,642	16,052	12,053	29,870	14,088	15,782	X	33	14	19	X	84	72	12	186	358	178	180
2020	마포구	도화동	8,598	20,644	9,858	10,786	8,466	20,148	9,534	10,614	X	19	6	13	X	11	X	8	129	221	114	107
2020	마포구	서강동	11,241	25,204	11,941	13,263	10,845	23,572	11,145	12,427	14	89	45	44	X	619	289	330	380	538	183	355
2020	마포구	공덕동	16,918	37,185	17,482	19,703	16,526	36,019	16,812	19,207	5	32	17	15	X	31	6	25	385	630	304	326
2020	마포구	아현동	9,651	24,327	11,393	12,934	9,460	23,686	10,976	12,710	X	16	6	10	X	X	X	X	189	310	161	149
2020	양천구	소계	168,184	439,068	214,978	224,090	166,044	429,197	208,299	220,898	22	203	113	90	22	1,052	331	721	2,096	3,570	1,758	1,812
2020	양천구	목1동	10,031	30,200	14,557	15,643	9,943	29,708	14,173	15,535	X	7	X	X	X	33	13	20	86	133	73	60
2020	양천구	목2동	12,249	29,322	14,273	15,049	12,091	28,679	13,839	14,840	X	19	13	6	X	54	21	33	154	249	117	132
2020	양천구	목3동	9,277	21,432	10,241	11,191	9,181	21,013	9,968	11,045	X	X	X	X	X	39	X	39	94	154	76	78
2020	양천구	목4동	9,432	25,124	12,280	12,844	9,279	24,485	11,798	12,687	X	7	X	6	X	35	7	28	151	231	134	97
2020	양천구	신월1동	9,197	20,483	10,386	10,097	9,019	19,758	9,964	9,794	X	17	14	X	X	116	24	92	175	324	170	154
2020	양천구	신월2동	7,940	20,638	10,104	10,534	7,856	20,258	9,825	10,433	X	12	10	X	X	X	X	X	83	160	88	72
2020	양천구	신월3동	7,208	15,416	8,055	7,361	7,061	14,852	7,693	7,159	X	27	13	14	X	73	52	21	143	229	112	117
2020	양천구	신월4동	6,503	17,842	8,742	9,100	6,464	17,573	8,536	9,037	X	7	7	X	X	X	X	X	38	71	30	41
2020	양천구	신월5동	5,901	14,602	7,220	7,382	5,813	14,265	6,983	7,282	X	13	8	5	X	X	X	X	86	147	74	73
2020	양천구	신월6동	4,857	13,138	6,458	6,680	4,839	12,988	6,336	6,652	X	X	X	X	X	X	X	X	18	39	17	22
2020	양천구	신월7동	8,363	20,074	9,729	10,345	8,315	19,524	9,445	10,079	X	X	X	X	X	236	59	177	44	84	34	50
2020	양천구	신정1동	6,738	20,098	9,839	10,259	6,673	19,697	9,564	10,133	X	8	X	6	X	66	18	48	63	111	56	55
2020	양천구	신정2동	6,742	19,386	9,466	9,920	6,601	18,928	9,143	9,785	X	X	X	X	X	X	X	X	141	196	82	114
2020	양천구	신정3동	16,989	45,278	22,006	23,272	16,776	44,275	21,334	22,941	X	X	X	X	X	80	8	72	212	399	192	207
2020	양천구	신정6동	7,809	23,789	11,588	12,201	7,796	23,514	11,347	12,167	X	X	X	X	X	X	X	X	13	21	7	14
2020	양천구	신정7동	10,964	28,780	13,917	14,863	10,910	28,358	13,591	14,767	X	12	5	7	X	16	X	16	51	87	40	47
2020	양천구	목5동	12,925	40,066	19,831	20,235	12,866	39,596	19,437	20,159	X	X	X	X	X	X	X	X	59	81	31	50
2020	양천구	신정4동	15,059	33,400	16,286	17,114	14,561	31,726	15,323	16,403	8	74	36	38	5	304	129	175	485	854	425	429
2020	강서구	소계	247,202	564,854	271,779	293,075	244,097	551,415	263,506	287,909	33	309	152	157	41	2,148	754	1,394	3,031	5,307	2,507	2,800
2020	강서구	염창동	14,738	40,237	19,534	20,703	14,685	39,814	19,188	20,626	X	8	X	X	X	X	X	X	52	82	43	39
2020	강서구	등촌1동	12,072	23,182	10,840	12,342	11,958	22,829	10,622	12,207	X	13	6	7	X	X	X	X	113	158	54	104
2020	강서구	등촌2동	8,175	20,469	10,007	10,462	8,112	20,066	9,754	10,312	X	44	19	25	X	66	12	54	59	99	47	52
2020	강서구	등촌3동	14,231	30,611	14,488	16,123	14,168	30,029	14,095	15,934	X	6	X	6	X	140	49	91	59	85	45	40
2020	강서구	화곡본동	15,269	33,860	16,426	17,434	15,070	32,912	15,906	17,006	X	13	X	9	5	195	46	149	192	374	171	203
2020	강서구	화곡2동	7,734	18,213	8,854	9,359	7,552	17,642	8,497	9,145	X	14	8	6	X	X	X	X	181	342	162	180
2020	강서구	화곡3동	8,494	21,100	10,103	10,997	8,378	20,537	9,808	10,729	X	14	5	9	X	147	17	130	113	192	85	107
2020	강서구	화곡4동	9,112	20,909	10,184	10,725	8,911	20,151	9,736	10,415	X	X	X	X	X	158	80	78	200	368	181	187
2020	강서구	화곡6동	10,918	24,019	11,700	12,319	10,793	23,423	11,301	12,122	X	15	11	X	5	112	71	41	118	185	87	98
2020	강서구	화곡8동	10,896	24,971	11,990	12,981	10,639	24,126	11,504	12,622	X	7	X	7	X	28	X	26	255	532	256	276
2020	강서구	가양1동	18,753	33,187	15,317	17,870	18,538	32,571	14,893	17,678	X	7	6	X	X	64	44	20	211	285	142	143
2020	강서구	가양2동	7,576	14,241	6,681	7,560	7,529	13,847	6,485	7,362	X	X	X	X	X	209	72	137	46	61	27	34
2020	강서구	가양3동	7,485	15,023	7,026	7,997	7,457	14,819	6,871	7,948	X	22	13	9	X	X	X	X	25	38	22	16
2020	강서구	발산1동	12,779	36,552	17,250	19,302	12,733	35,865	16,806	19,059	X	15	X	11	X	177	15	162	41	63	31	32
2020	강서구	공항동	11,764	26,330	13,326	13,004	11,435	25,388	12,752	12,636	X	X	X	X	X	56	48	8	327	593	282	311
2020	강서구	방화1동	16,332	43,150	20,931	22,219	16,186	42,292	20,410	21,882	X	X	X	X	X	277	91	186	143	236	116	120
2020	강서구	방화2동	10,371	22,226	11,042	11,184	10,212	21,417	10,515	10,902	6	54	38	16	5	181	85	96	148	259	126	133
2020	강서구	방화3동	10,414	22,548	10,878	11,670	10,364	22,234	10,645	11,589	X	X	X	X	X	19	18	X	49	87	40	47
2020	강서구	화곡1동	25,039	51,842	25,036	26,806	24,434	50,053	24,056	25,997	6	69	32	37	X	111	47	64	595	1,078	492	586
2020	강서구	우장산동	15,050	42,184	20,166	22,018	14,943	41,400	19,662	21,738	X	8	X	6	X	208	57	151	104	190	98	92
2020	구로구	소계	182,636	435,442	216,855	218,587	164,083	386,742	189,181	197,561	55	461	284	177	41	3,610	1,481	2,129	18,457	38,976	21,337	17,639
2020	구로구	신도림동	12,887	35,334	17,293	18,041	12,727	34,694	16,810	17,884	X	X	X	X	X	30	30	X	158	276	160	116
2020	구로구	구로1동	7,964	20,861	10,245	10,616	7,913	20,551	10,007	10,544	X	6	X	X	X	X	X	X	50	102	53	49
2020	구로구	구로3동	13,316	25,963	13,218	12,745	12,041	23,067	11,670	11,397	6	71	36	35	X	35	17	18	1,268	2,471	1,261	1,210
2020	구로구	구로4동	12,316	26,789	13,438	13,351	9,426	19,550	9,373	10,177	11	96	71	25	X	59	16	43	2,877	6,619	3,642	2,977
2020	구로구	구로5동	15,338	33,303	16,310	16,993	13,234	28,140	13,497	14,643	X	24	21	X	X	312	127	185	2,099	4,360	2,291	2,069
2020	구로구	고척1동	9,039	23,430	11,549	11,881	8,802	22,135	10,910	11,225	5	42	28	14	5	535	131	404	227	408	223	185
2020	구로구	고척2동	11,117	27,513	13,606	13,907	10,676	26,290	12,877	13,413	X	6	X	X	X	80	43	37	439	816	412	404
2020	구로구	개봉2동	11,975	31,422	15,356	16,066	11,718	30,477	14,804	15,673	X	X	X	X	X	85	18	67	256	568	276	292
2020	구로구	개봉3동	8,312	20,876	10,194	10,682	8,073	20,087	9,740	10,347	X	X	X	X	X	73	20	53	238	507	255	252
2020	구로구	오류1동	10,988	22,948	11,210	11,738	10,547	21,466	10,423	11,043	X	29	12	17	6	408	200	208	431	854	422	432
2020	구로구	수궁동	9,276	23,833	11,909	11,924	9,087	22,740	11,136	11,604	6	47	38	9	X	396	319	77	182	401	197	204
2020	구로구	가리봉동	8,177	16,530	9,332	7,198	4,901	8,326	4,482	3,844	9	70	44	26	5	595	204	391	3,262	7,157	4,326	2,831
2020	구로구	구로2동	17,107	37,054	19,302	17,752	11,189	23,643	11,811	11,832	8	56	28	28	X	48	21	27	5,907	12,308	6,719	5,589
2020	구로구	개봉1동	14,033	34,712	17,279	17,433	13,401	32,557	16,055	16,502	X	8	X	8	X	433	180	253	627	1,265	656	609
2020	구로구	오류2동	14,775	38,657	18,658	19,999	14,360	37,164	17,840	19,324	X	6	X	6	5	333	77	256	409	795	407	388
2020	구로구	항동	6,016	16,217	7,956	8,261	5,988	15,855	7,746	8,109	X	X	X	X	X	188	78	110	27	69	37	32
2020	금천구	소계	115,254	249,419	126,490	122,929	103,432	220,503	110,278	110,225	38	348	232	116	29	1,701	579	1,122	11,755	23,401	12,663	10,738
2020	금천구	가산동	16,417	26,621	14,582	12,039	14,124	21,597	11,597	10,000	15	155	113	42	5	188	98	90	2,273	4,201	2,412	1,789
2020	금천구	독산1동	21,167	44,145	22,772	21,373	19,691	40,530	20,636	19,894	8	76	61	15	5	199	97	102	1,463	2,775	1,528	1,247
2020	금천구	독산2동	9,625	21,096	10,704	10,392	8,408	18,220	9,124	9,096	X	X	X	X	X	43	10	33	1,216	2,514	1,328	1,186
2020	금천구	독산3동	13,953	30,129	15,353	14,776	11,071	23,410	11,639	11,771	5	44	12	32	X	258	79	179	2,874	5,899	3,221	2,678
2020	금천구	독산4동	8,216	18,158	9,219	8,939	6,858	14,932	7,449	7,483	X	X	X	X	X	X	X	X	1,358	2,939	1,562	1,377
2020	금천구	시흥1동	15,936	36,091	17,972	18,119	14,439	32,071	15,825	16,246	8	61	40	21	7	497	152	345	1,482	2,983	1,566	1,417
2020	금천구	시흥2동	7,870	21,197	10,225	10,972	7,825	20,748	9,952	10,796	X	6	X	X	X	175	62	113	41	79	33	46
2020	금천구	시흥3동	4,456	11,067	5,434	5,633	4,372	10,570	5,206	5,364	X	X	X	X	X	211	36	175	83	167	90	77
2020	금천구	시흥4동	8,808	21,129	10,467	10,662	8,304	19,821	9,741	10,080	X	6	X	X	X	39	12	27	502	986	494	492
2020	금천구	시흥5동	8,806	19,786	9,762	10,024	8,340	18,604	9,109	9,495	X	X	X	X	X	91	33	58	463	858	429	429
2020	영등포구	소계	178,217	403,619	200,678	202,941	162,391	352,157	171,929	180,228	76	779	496	283	45	3,778	1,809	1,969	15,705	41,381	22,040	19,341
2020	영등포구	여의동	12,095	31,395	14,817	16,578	11,936	30,717	14,362	16,355	6	50	25	25	X	31	21	10	151	245	129	116
2020	영등포구	당산1동	9,822	20,442	9,974	10,468	9,508	19,476	9,413	10,063	7	87	43	44	X	50	43	7	306	593	294	299
2020	영등포구	당산2동	17,042	35,966	16,876	19,090	16,748	34,927	16,239	18,688	X	46	33	13	X	168	99	69	288	501	231	270
2020	영등포구	양평1동	8,419	16,873	8,320	8,553	8,237	16,409	8,043	8,366	X	6	6	X	X	X	X	X	181	299	144	155
2020	영등포구	양평2동	9,572	21,977	10,814	11,163	9,434	21,211	10,370	10,841	X	40	30	10	X	301	95	206	132	214	129	85
2020	영등포구	신길1동	10,085	19,495	9,930	9,565	9,096	16,504	8,289	8,215	X	31	22	9	X	135	55	80	984	2,494	1,320	1,174
2020	영등포구	신길3동	7,575	18,052	8,979	9,073	6,861	16,017	7,841	8,176	X	6	X	X	X	X	X	X	713	1,807	950	857
2020	영등포구	신길4동	4,734	11,065	5,597	5,468	4,267	9,583	4,748	4,835	X	14	7	7	X	X	X	X	465	1,309	710	599
2020	영등포구	신길5동	5,097	12,614	6,229	6,385	4,422	10,349	5,060	5,289	X	7	X	X	X	178	X	178	673	1,871	1,013	858
2020	영등포구	신길6동	8,332	18,468	9,039	9,429	7,618	16,444	7,875	8,569	7	88	68	20	X	79	79	X	704	1,628	834	794
2020	영등포구	신길7동	7,355	19,975	9,887	10,088	7,222	19,048	9,348	9,700	X	35	22	13	X	418	183	235	128	248	130	118
2020	영등포구	대림1동	8,000	18,854	9,598	9,256	6,331	14,053	6,873	7,180	6	47	24	23	X	109	97	12	1,660	4,327	2,357	1,970
2020	영등포구	대림2동	9,625	23,707	12,389	11,318	6,066	11,875	5,789	6,086	5	48	25	23	X	39	27	12	3,552	11,166	6,122	5,044
2020	영등포구	대림3동	11,949	29,183	14,801	14,382	9,510	22,047	10,939	11,108	X	X	X	X	X	358	129	229	2,436	6,275	3,353	2,922
2020	영등포구	영등포본동	10,386	24,409	12,504	11,905	8,942	20,218	10,188	10,030	X	36	28	8	X	91	74	17	1,437	3,649	1,872	1,777
2020	영등포구	영등포동	15,982	27,378	14,323	13,055	15,539	24,787	12,813	11,974	18	202	130	72	15	1,308	702	606	410	659	334	325
2020	영등포구	도림동	9,874	21,633	10,884	10,749	8,474	17,350	8,589	8,761	X	13	5	8	X	X	X	X	1,398	3,940	2,038	1,902
2020	영등포구	문래동	12,273	32,133	15,717	16,416	12,180	31,142	15,150	15,992	X	23	21	X	X	513	205	308	87	156	80	76
2020	동작구	소계	174,572	392,772	189,611	203,161	167,766	371,853	178,401	193,452	88	817	409	408	19	3,215	1,528	1,687	6,699	11,951	5,515	6,436
2020	동작구	노량진2동	6,711	12,898	6,608	6,290	6,087	11,469	5,846	5,623	6	56	25	31	X	X	X	X	618	1,188	602	586
2020	동작구	상도1동	21,051	46,060	22,359	23,701	20,167	43,101	20,816	22,285	16	177	80	97	X	742	390	352	865	1,187	477	710
2020	동작구	상도2동	11,743	27,215	13,020	14,195	11,504	26,462	12,615	13,847	11	96	45	51	X	51	22	29	227	341	129	212
2020	동작구	상도3동	11,156	24,734	11,807	12,927	10,902	23,808	11,312	12,496	6	56	26	30	X	192	64	128	247	450	221	229
2020	동작구	상도4동	12,760	28,531	13,842	14,689	12,480	27,726	13,377	14,349	8	69	33	36	X	36	18	18	270	476	226	250
2020	동작구	사당1동	12,573	23,311	11,002	12,309	12,050	22,139	10,375	11,764	X	32	20	12	X	50	27	23	517	854	389	465
2020	동작구	사당3동	9,691	24,202	11,734	12,468	9,522	23,498	11,280	12,218	X	7	X	X	X	178	113	65	167	283	138	145
2020	동작구	사당4동	6,640	14,175	6,789	7,386	6,514	13,828	6,571	7,257	X	X	X	X	X	X	X	X	126	216	108	108
2020	동작구	사당5동	6,180	14,294	6,926	7,368	6,092	14,014	6,741	7,273	X	27	13	14	X	X	X	X	85	123	57	66
2020	동작구	대방동	16,353	38,644	18,362	20,282	16,071	36,992	17,431	19,561	6	72	39	33	X	714	309	405	273	463	224	239
2020	동작구	신대방1동	10,933	26,603	12,971	13,632	9,439	22,614	10,849	11,765	X	39	27	12	X	166	46	120	1,490	3,453	1,781	1,672
2020	동작구	신대방2동	9,032	19,902	9,457	10,445	8,792	19,249	9,092	10,157	7	60	28	32	X	26	X	25	232	395	184	211
2020	동작구	흑석동	14,450	34,643	16,603	18,040	13,411	31,194	15,017	16,177	5	40	15	25	X	880	426	454	1,033	1,572	573	999
2020	동작구	노량진1동	14,288	31,292	15,555	15,737	14,048	30,372	14,985	15,387	11	79	51	28	X	180	112	68	226	352	152	200
2020	동작구	사당2동	11,011	26,268	12,576	13,692	10,687	25,387	12,094	13,293	X	7	X	X	X	X	X	X	323	598	254	344
2020	관악구	소계	259,822	502,641	250,850	251,791	248,959	470,469	233,619	236,850	146	1,544	911	633	32	6,094	3,078	3,016	10,685	18,546	8,684	9,862
2020	관악구	보라매동	11,887	24,550	11,992	12,558	11,517	23,397	11,410	11,987	5	63	37	26	X	194	61	133	361	670	311	359
2020	관악구	청림동	5,991	15,090	7,396	7,694	5,928	14,767	7,181	7,586	X	23	17	6	X	16	5	11	60	112	48	64
2020	관악구	행운동	16,772	29,334	14,208	15,126	16,390	28,387	13,730	14,657	X	57	20	37	X	X	X	X	378	607	247	360
2020	관악구	낙성대동	10,219	21,560	11,044	10,516	9,831	15,924	7,963	7,961	X	32	22	10	X	4,497	2,465	2,032	382	582	284	298
2020	관악구	중앙동	9,235	15,426	7,289	8,137	8,882	14,611	6,882	7,729	6	70	39	31	X	31	18	13	346	562	241	321
2020	관악구	인헌동	13,438	25,803	12,541	13,262	13,186	25,101	12,139	12,962	8	94	53	41	X	X	X	X	244	353	146	207
2020	관악구	남현동	8,737	17,855	8,579	9,276	8,579	17,268	8,277	8,991	7	58	28	30	X	144	57	87	148	231	104	127
2020	관악구	서원동	13,441	22,994	11,739	11,255	12,921	21,883	11,139	10,744	X	29	8	21	X	X	X	X	517	819	385	434
2020	관악구	신원동	10,799	19,223	9,545	9,678	9,916	17,470	8,670	8,800	X	6	X	X	X	X	X	X	882	1,564	725	839
2020	관악구	서림동	13,420	23,429	12,734	10,695	12,967	22,323	12,144	10,179	11	132	85	47	X	10	X	8	441	628	271	357
2020	관악구	신사동	14,549	26,454	13,098	13,356	12,500	21,891	10,811	11,080	7	61	28	33	X	49	X	47	2,041	4,082	1,975	2,107
2020	관악구	신림동	16,171	22,325	11,532	10,793	15,529	20,820	10,721	10,099	8	93	52	41	X	205	125	80	631	933	432	501
2020	관악구	난향동	5,806	15,208	7,430	7,778	5,737	14,826	7,223	7,603	X	6	X	X	X	124	33	91	66	115	54	61
2020	관악구	조원동	10,867	19,553	9,860	9,693	9,537	16,593	8,300	8,293	8	77	30	47	X	29	12	17	1,321	2,588	1,313	1,275
2020	관악구	대학동	14,729	23,656	14,033	9,623	14,109	21,926	13,017	8,909	47	500	380	120	X	45	9	36	571	745	324	421
2020	관악구	은천동	15,191	33,810	16,428	17,382	14,837	32,517	15,742	16,775	6	81	34	47	X	276	117	159	345	614	268	346
2020	관악구	성현동	11,633	29,228	14,122	15,106	11,561	28,744	13,781	14,963	X	18	10	8	X	24	10	14	69	125	57	68
2020	관악구	청룡동	21,728	35,927	17,185	18,742	20,739	33,685	16,092	17,593	7	66	16	50	X	158	59	99	981	1,625	721	904
2020	관악구	난곡동	12,093	27,311	13,616	13,695	11,724	26,165	12,945	13,220	X	13	9	X	X	180	78	102	365	610	308	302
2020	관악구	삼성동	9,908	23,003	11,424	11,579	9,806	22,506	11,102	11,404	X	23	10	13	X	26	X	25	97	187	84	103
2020	관악구	미성동	13,208	30,902	15,055	15,847	12,763	29,665	14,350	15,315	X	42	27	15	X	86	24	62	439	794	386	408
2020	서초구	소계	158,582	401,749	192,081	209,668	156,123	390,747	185,395	205,352	57	546	308	238	21	1,787	558	1,229	2,381	3,862	1,878	1,984
2020	서초구	서초1동	8,666	19,994	9,482	10,512	8,498	19,240	9,116	10,124	8	98	54	44	X	236	31	205	158	205	101	104
2020	서초구	서초2동	8,559	19,164	9,103	10,061	8,331	18,543	8,701	9,842	X	45	18	27	X	X	X	X	224	308	175	133
2020	서초구	서초3동	13,207	30,186	14,524	15,662	12,928	28,853	13,925	14,928	X	19	8	11	5	596	118	478	271	359	163	196
2020	서초구	서초4동	10,170	29,570	14,482	15,088	10,007	28,975	14,055	14,920	X	X	X	X	X	X	X	X	163	228	117	111
2020	서초구	잠원동	10,511	26,985	12,916	14,069	10,352	26,330	12,447	13,883	6	79	58	21	X	39	39	X	152	216	102	114
2020	서초구	반포본동	3,617	10,870	5,182	5,688	3,601	10,714	5,052	5,662	X	X	X	X	X	X	X	X	16	28	14	14
2020	서초구	반포1동	13,265	30,904	14,935	15,969	12,977	30,073	14,458	15,615	X	32	21	11	X	42	6	36	284	388	169	219
2020	서초구	반포2동	4,649	15,274	7,338	7,936	4,591	14,820	7,061	7,759	5	36	9	27	X	X	X	X	53	140	71	69
2020	서초구	반포3동	7,072	20,730	9,861	10,869	7,036	20,469	9,649	10,820	X	X	X	X	X	X	X	X	36	62	35	27
2020	서초구	반포4동	6,608	18,635	8,845	9,790	6,404	17,653	8,338	9,315	6	44	17	27	X	87	23	64	197	499	238	261
2020	서초구	방배본동	7,400	19,939	9,264	10,675	7,308	19,497	8,969	10,528	X	15	12	X	X	X	X	X	90	183	84	99
2020	서초구	방배1동	7,058	16,355	7,632	8,723	6,973	16,006	7,381	8,625	X	40	26	14	X	X	X	X	81	120	56	64
2020	서초구	방배2동	7,790	19,174	8,977	10,197	7,708	18,537	8,644	9,893	X	X	X	X	X	296	80	216	80	135	67	68
2020	서초구	방배3동	7,490	20,002	9,664	10,338	7,407	19,545	9,351	10,194	X	19	9	10	X	88	51	37	80	140	72	68
2020	서초구	방배4동	9,044	22,676	10,363	12,313	8,917	22,121	10,020	12,101	X	23	X	19	X	22	17	5	123	247	114	133
2020	서초구	양재1동	16,941	42,688	20,454	22,234	16,746	41,732	19,836	21,896	X	22	14	8	X	197	84	113	189	324	160	164
2020	서초구	양재2동	9,866	21,529	10,763	10,766	9,715	20,862	10,345	10,517	6	62	48	14	X	123	48	75	142	225	113	112
2020	서초구	내곡동	6,669	17,074	8,296	8,778	6,624	16,777	8,047	8,730	X	12	10	X	X	61	61	X	42	55	27	28
2020	강남구	소계	212,582	508,135	243,322	264,813	208,833	494,125	234,355	259,770	62	564	313	251	25	1,865	707	1,158	3,662	5,109	2,634	2,475
2020	강남구	신사동	6,621	15,529	7,276	8,253	6,407	15,030	6,946	8,084	X	15	14	X	X	X	X	X	212	291	158	133
2020	강남구	논현1동	12,828	22,095	10,402	11,693	12,277	20,834	9,625	11,209	7	76	41	35	X	29	X	29	543	716	404	312
2020	강남구	논현2동	10,294	20,669	9,634	11,035	10,079	20,006	9,234	10,772	X	31	14	17	X	X	X	X	211	318	149	169
2020	강남구	삼성1동	5,130	12,698	6,295	6,403	4,975	12,093	5,901	6,192	X	19	10	9	X	175	78	97	150	217	136	81
2020	강남구	삼성2동	12,080	28,212	13,443	14,769	11,869	27,534	12,971	14,563	X	X	X	X	X	X	X	X	211	293	161	132
2020	강남구	대치1동	7,005	23,521	11,889	11,632	6,986	23,265	11,663	11,602	X	X	X	X	X	X	X	X	19	38	20	18
2020	강남구	대치4동	9,479	19,547	9,174	10,373	9,237	18,815	8,718	10,097	6	56	34	22	X	X	X	X	236	318	149	169
2020	강남구	역삼1동	21,127	34,491	16,654	17,837	20,356	32,755	15,639	17,116	12	107	69	38	X	44	29	15	757	935	452	483
2020	강남구	역삼2동	14,111	34,617	16,247	18,370	13,846	33,603	15,567	18,036	X	47	33	14	X	155	104	51	259	360	195	165
2020	강남구	도곡1동	7,894	20,799	9,822	10,977	7,782	20,350	9,521	10,829	X	34	14	20	X	52	15	37	107	141	75	66
2020	강남구	도곡2동	10,880	31,740	14,782	16,958	10,773	31,213	14,406	16,807	X	19	17	X	X	X	X	X	105	171	81	90
2020	강남구	개포1동	2,334	6,053	2,962	3,091	2,328	5,979	2,894	3,085	X	6	X	X	X	X	X	X	5	5	X	X
2020	강남구	개포4동	7,890	19,458	9,455	10,003	7,798	18,860	9,103	9,757	6	46	30	16	5	169	64	105	81	165	72	93
2020	강남구	일원본동	7,506	22,639	11,200	11,439	7,486	22,093	10,919	11,174	X	X	X	X	X	311	82	229	18	29	10	19
2020	강남구	일원1동	6,898	15,052	7,318	7,734	6,789	14,704	7,096	7,608	X	26	X	22	X	X	X	X	107	147	66	81
2020	강남구	일원2동	6,927	16,809	8,125	8,684	6,874	16,566	7,947	8,619	X	X	X	X	X	X	X	X	53	66	23	43
2020	강남구	수서동	7,420	14,617	6,643	7,974	7,377	14,403	6,480	7,923	X	X	X	X	X	10	10	X	42	71	38	33
2020	강남구	세곡동	16,826	43,088	20,386	22,702	16,739	41,974	19,819	22,155	X	X	X	X	5	634	197	437	82	128	69	59
2020	강남구	압구정동	9,343	24,976	11,570	13,406	9,202	24,234	11,160	13,074	6	44	22	22	X	163	34	129	133	208	107	101
2020	강남구	청담동	10,434	25,054	11,789	13,265	10,254	24,409	11,346	13,063	X	13	X	13	X	X	X	X	178	264	140	124
2020	강남구	대치2동	12,092	35,404	18,052	17,352	11,972	34,758	17,530	17,228	X	25	8	17	X	X	X	X	118	169	95	74
2020	강남구	개포2동	7,463	21,067	10,204	10,863	7,427	20,647	9,870	10,777	X	X	X	X	X	123	94	29	35	59	31	28
2020	송파구	소계	259,785	643,288	309,802	333,486	255,766	626,201	299,135	327,066	43	377	246	131	24	3,338	1,293	2,045	3,952	6,698	3,357	3,341
2020	송파구	풍납1동	6,357	14,533	7,176	7,357	5,776	13,307	6,505	6,802	X	X	X	X	X	X	X	X	581	1,041	517	524
2020	송파구	풍납2동	9,929	24,780	11,693	13,087	9,807	23,799	11,272	12,527	X	12	X	11	X	547	123	424	118	185	86	99
2020	송파구	거여1동	5,075	12,520	6,305	6,215	5,022	12,196	6,103	6,093	X	8	8	X	X	97	32	65	51	74	33	41
2020	송파구	거여2동	6,846	16,707	8,165	8,542	6,811	16,299	7,872	8,427	X	X	X	X	X	168	108	60	33	54	26	28
2020	송파구	마천1동	7,996	19,141	9,676	9,465	7,899	18,734	9,417	9,317	X	11	11	X	X	41	X	37	95	157	83	74
2020	송파구	마천2동	7,877	19,006	9,569	9,437	7,786	18,279	9,194	9,085	X	6	X	X	X	354	112	242	87	149	78	71
2020	송파구	방이1동	5,816	15,513	7,527	7,986	5,752	15,135	7,245	7,890	X	26	13	13	X	71	53	18	59	86	42	44
2020	송파구	방이2동	13,425	25,724	12,084	13,640	13,074	24,637	11,469	13,168	8	64	41	23	X	161	67	94	341	550	262	288
2020	송파구	오륜동	5,509	18,040	8,976	9,064	5,498	17,114	8,353	8,761	X	X	X	X	X	720	452	268	9	22	9	13
2020	송파구	오금동	14,452	38,255	18,456	19,799	14,344	37,278	17,884	19,394	X	36	23	13	X	359	86	273	103	152	73	79
2020	송파구	송파1동	11,525	24,181	11,367	12,814	11,283	23,496	10,908	12,588	X	25	18	7	X	X	X	X	239	413	229	184
2020	송파구	송파2동	7,071	19,634	9,423	10,211	6,985	19,253	9,152	10,101	X	10	5	5	X	X	X	X	85	180	92	88
2020	송파구	석촌동	15,768	32,265	15,316	16,949	15,316	31,074	14,576	16,498	X	48	44	X	X	X	X	X	448	768	384	384
2020	송파구	삼전동	14,804	30,630	14,381	16,249	14,526	29,758	13,911	15,847	X	X	X	X	X	115	12	103	276	436	193	243
2020	송파구	가락본동	10,824	26,409	12,963	13,446	10,576	25,245	12,295	12,950	5	58	47	11	X	391	149	242	240	410	198	212
2020	송파구	가락1동	9,568	26,796	13,037	13,759	9,534	26,503	12,792	13,711	X	X	X	X	X	X	X	X	34	67	34	33
2020	송파구	가락2동	11,624	31,680	15,562	16,118	11,482	31,140	15,155	15,985	X	X	X	X	X	X	X	X	142	233	128	105
2020	송파구	문정1동	7,952	19,910	9,807	10,103	7,854	19,520	9,528	9,992	X	X	X	X	X	X	X	X	98	180	89	91
2020	송파구	문정2동	14,735	28,006	12,899	15,107	14,590	27,595	12,621	14,974	X	X	X	X	X	X	X	X	145	188	93	95
2020	송파구	잠실본동	14,249	28,310	13,310	15,000	13,850	27,219	12,640	14,579	X	36	17	19	X	X	X	X	395	676	337	339
2020	송파구	잠실4동	6,798	20,509	9,902	10,607	6,766	20,280	9,741	10,539	X	12	6	6	X	X	X	X	30	63	31	32
2020	송파구	잠실6동	5,523	16,231	7,702	8,529	5,446	15,865	7,461	8,404	X	6	6	X	X	X	X	X	76	154	85	69
2020	송파구	잠실7동	3,165	9,120	4,258	4,862	3,156	9,006	4,166	4,840	X	X	X	X	X	X	X	X	9	23	10	13
2020	송파구	잠실2동	11,048	34,351	16,412	17,939	10,998	33,992	16,125	17,867	X	X	X	X	X	X	X	X	50	89	45	44
2020	송파구	잠실3동	11,282	33,424	15,963	17,461	11,186	32,894	15,559	17,335	X	6	X	X	X	X	X	X	95	173	93	80
2020	송파구	장지동	11,500	29,489	14,228	15,261	11,408	28,894	13,824	15,070	X	13	X	12	X	108	17	91	89	140	91	49
2020	송파구	위례동	9,067	28,124	13,645	14,479	9,041	27,689	13,367	14,322	X	X	X	X	X	206	78	128	24	35	16	19
2020	강동구	소계	179,794	444,434	218,299	226,135	177,148	432,784	210,608	222,176	18	152	122	30	25	2,386	1,294	1,092	2,603	4,480	2,277	2,203
2020	강동구	강일동	11,319	32,044	15,407	16,637	11,277	31,470	15,057	16,413	X	X	X	X	X	202	32	170	40	90	59	31
2020	강동구	상일동	11,053	31,951	15,812	16,139	10,984	31,555	15,499	16,056	X	X	X	X	X	65	37	28	67	100	58	42
2020	강동구	명일1동	9,358	25,205	12,290	12,915	9,315	24,888	12,022	12,866	X	17	17	X	X	X	X	X	41	57	28	29
2020	강동구	명일2동	5,563	16,574	8,188	8,386	5,536	16,344	8,010	8,334	X	X	X	X	X	21	X	18	26	39	12	27
2020	강동구	고덕1동	8,408	25,452	13,056	12,396	8,352	24,825	12,532	12,293	X	X	X	X	X	298	238	60	54	120	91	29
2020	강동구	고덕2동	8,191	21,626	10,893	10,733	8,108	21,193	10,555	10,638	X	X	X	X	X	107	83	24	81	123	69	54
2020	강동구	암사2동	5,942	14,902	7,215	7,687	5,903	14,688	7,049	7,639	X	X	X	X	X	8	X	7	38	55	25	30
2020	강동구	암사3동	5,898	17,455	8,561	8,894	5,881	17,232	8,384	8,848	X	X	X	X	X	43	23	20	16	33	19	14
2020	강동구	천호1동	11,538	26,550	12,957	13,593	11,401	25,868	12,558	13,310	X	7	X	X	X	150	46	104	135	232	110	122
2020	강동구	천호3동	12,685	26,140	12,740	13,400	12,312	25,161	12,118	13,043	X	18	16	X	X	111	80	31	369	619	332	287
2020	강동구	성내1동	7,580	19,405	9,388	10,017	7,513	19,081	9,157	9,924	X	20	15	5	X	X	X	X	65	111	51	60
2020	강동구	성내2동	11,954	24,026	11,707	12,319	11,418	22,751	10,994	11,757	X	14	8	6	X	11	X	11	533	965	477	488
2020	강동구	성내3동	9,716	22,682	11,142	11,540	9,554	22,093	10,744	11,349	5	36	28	8	X	X	X	X	157	252	119	133
2020	강동구	둔촌1동	14	36	21	15	13	28	17	11	X	X	X	X	X	X	X	X	X	X	X	X
2020	강동구	둔촌2동	10,041	26,071	12,934	13,137	9,940	25,210	12,304	12,906	X	8	8	X	X	376	270	106	97	175	80	95
2020	강동구	암사1동	14,605	34,597	17,018	17,579	14,431	33,720	16,448	17,272	X	X	X	X	X	130	62	68	173	293	142	151
2020	강동구	천호2동	16,215	34,927	17,154	17,773	15,701	32,754	15,932	16,822	X	X	X	X	5	818	412	406	509	928	468	460
2020	강동구	길동	19,714	44,791	21,816	22,975	19,509	43,923	21,228	22,695	X	32	26	6	X	46	7	39	201	287	136	151